5.071158742463732771e-01
1.296353280954652298e+00
1.551330213010394310e+00
1.548766447765830945e+00
1.660997084064064433e+00
6.483099906113134470e-01
1.518223582015919781e+00
9.642597249935178638e-01
-6.181336002022654874e-01
2.358719007844692683e+00
3.229828917857913151e+00
2.369447398199054255e+00
2.095911324326704239e+00
3.508494929762215886e-01
1.386151253561551666e+00
-7.545873548461529134e-02
9.866908562316173414e-01
2.353729419434205383e-01
2.613479176546457783e+00
1.755324084005789764e+00
8.876150573765203555e-01
4.800835567253782799e-01
1.979624364643054912e+00
1.139414756824350672e+00
2.788646052065135272e+00
2.211276867339736718e+00
-6.193347491241139036e-01
1.346964944809170950e+00
1.439074668295681647e+00
1.524150342552129667e+00
3.450481761669196512e+00
1.132827915007450725e+00
8.793820910989527118e-01
1.091626313885363242e+00
2.119759584286762255e+00
6.858369501949499458e-01
-4.829346119657117187e-02
1.493609634857290702e+00
6.321506753272480017e-01
1.617325958943437225e+00
-5.648091402952284401e-01
8.972247033415491346e-01
2.732803872882661356e+00
3.389177009828496345e+00
1.302556664332098491e+00
2.062454114144731676e+00
2.302617350850916456e+00
8.258963245957445798e-01
1.610981175319070591e+00
2.520590345076093808e+00
5.773846564788923663e-01
1.648077022724314666e-02
1.415923495319164838e+00
1.976347327137943921e+00
5.654952239076589393e-01
9.122919195960892402e-01
1.849923213760853891e+00
2.390648126629792702e-01
5.658894486653613942e-01
2.386718429923734064e+00
2.130254256112734446e+00
2.827526216011344573e-01
6.541525155197650543e-01
1.258343766635424243e+00
-1.625794373591786524e-01
9.057715426261624403e-01
9.745361592556558428e-01
6.181058798271276133e-01
1.213504254822114659e+00
6.410022364260222760e-01
7.069108825920429329e-01
1.835696432049115812e+00
1.013233660222622623e+00
4.387695739370286452e-01
9.347552298682034744e-01
5.925845993341397611e-01
1.626399224742816951e+00
1.202811370576370775e+00
-5.095392831262932631e-01
4.077529376318393517e+00
1.279894767232265584e+00
3.068370319639600829e+00
1.090767169014362103e+00
5.791726675278333625e-01
-1.705583685843346103e-02
3.590948848582676267e-01
1.822824596333925351e+00
1.152064629040281174e+00
3.012739095143398327e+00
2.322512094975247576e-01
1.270986304083320029e+00
1.516429946604294365e-01
5.974354085633620803e-01
1.086989585127173141e+00
1.784092603271212329e+00
9.872187189803637297e-01
-2.184708845610804084e-01
1.748413990661954465e+00
6.144038017389025219e-01
3.804291472254917039e-01
1.631621514073468227e+00
-3.708031503369529219e-02
2.394348700322540324e+00
8.198697244311020649e-01
1.974240094130991219e-01
4.840297008402776324e-01
1.400434216883645000e+00
5.538189626705714019e-01
8.426903544009392011e-01
8.307645489314309240e-01
3.134182152671457361e-02
9.556727263032083197e-01
-5.467375645063160539e-02
1.977061378943549830e+00
8.057825959107675073e-01
3.746807412789112668e-01
1.173803265637956006e+00
1.027342983544566213e+00
1.931942968155346829e+00
4.754991446483550765e-01
2.174050070108929145e+00
1.390290240189275606e+00
1.975989674752056890e+00
-4.782544774329636206e-02
7.745964936195198769e-01
2.087188976847533350e+00
8.625192134910383279e-01
7.655997837319079569e-01
4.956315007724262922e-01
2.287715182965943672e-01
3.142992815124573180e+00
1.760914497988020688e+00
1.581556181159444296e+00
3.397361145652647352e+00
2.661029217873682740e+00
3.159910048839905117e-01
1.254994301255841549e+00
6.437613157422814592e-01
5.241449569962871591e-01
2.521954706614692121e+00
1.205583499546523663e-01
2.548871199200399840e+00
2.084765127413967800e+00
4.122174932098303102e-01
9.792547404613691775e-01
1.185487018144482763e+00
9.996553705364916720e-01
3.368896392338409651e+00
2.560744093611472483e+00
1.384878657776095423e+00
2.026236907606387305e+00
1.931745182057104548e+00
2.949488121713886302e-01
-5.399043522761882707e-01
2.939962947652694059e+00
1.098319255276240414e+00
1.133292152878569103e+00
1.868680269889188228e+00
9.163638548805986828e-01
9.084577116296544963e-01
5.288360530345194155e-01
1.235542984130634458e+00
5.707198423881368887e-01
1.901571659107017753e+00
5.027013088868031998e-01
8.329037153593797926e-01
2.048799591145531451e+00
8.658198701898749405e-01
2.613286849384788280e+00
1.573286627866056220e+00
1.358823612392358493e+00
1.703067273375623358e+00
1.073981671796850446e+00
1.827497988071076884e+00
7.909327422813330344e-01
3.149134352038732043e+00
1.867290883749423758e+00
1.682454041428839808e+00
8.119140537285296499e-01
4.221197246076457965e+00
2.991871807326597299e+00
2.768103790778260742e-01
3.788089663210558178e-01
9.949865127097499151e-01
8.242887886997102287e-01
1.629790196132337776e+00
2.912872321844582890e-01
2.271067183384725130e+00
2.151724165210639583e+00
1.130575857019171959e+00
8.347224679686776616e-01
8.088633446014835693e-01
1.371000204823453528e+00
1.698465186460619503e+00
1.028614483122169299e+00
1.218403586334623645e+00
3.419095592212825774e-01
2.250474772597914619e+00
3.509818390590641046e-01
2.416788817456039795e-01
3.230527953839393174e+00
1.290134116381278506e+00
2.680101727650735732e+00
6.957642506363882484e-01
1.558532907156948033e+00
1.055900708381089625e+00
1.307345352544375894e+00
2.737643788110829535e-01
2.102140011601151048e+00
7.945518917138223447e-01
1.051800170461146600e+00
1.250798084540331701e+00
-4.558155324682234277e-01
1.767125387800188019e+00
2.495325049497230996e+00
1.931426766805026896e+00
2.124169641810556008e+00
7.060817796380846056e-01
1.012375883036857660e+00
3.464087173033489897e+00
3.233207108512873518e+00
1.235689279434317944e+00
2.234865445888064350e+00
3.632437750535832510e+00
5.217004751549568775e-01
5.286425951714939231e-01
1.864488165542369236e-01
1.921324097637629125e+00
-1.479442279382048087e+00
1.569365369456050763e+00
1.728973491515013672e+00
2.137760878496471229e+00
3.222778831287734569e+00
4.068342705324867192e-01
1.993724067763902985e+00
2.163398090848436706e+00
4.727675616491065491e-01
9.196988884507902862e-01
3.641332320598877903e-01
-3.013248930374823886e-01
3.696194818254073255e-01
8.165694937996383906e-01
1.848637787409406652e+00
1.372897572515376696e+00
1.428098168536886259e-01
1.637048760914738610e+00
1.745157082776156443e+00
1.081120793395567992e+00
5.781662314483426018e-02
9.174092146727329533e-01
6.859322491090340534e-01
3.547242418694105948e-01
1.031529627003869187e+00
1.107585188466398307e+00
1.149751084444836202e+00
2.519575832643315305e+00
-2.623267393519784219e-01
6.532483662485588649e-01
7.364691399639009539e-01
1.811172299174462985e+00
2.653822063004279697e-01
2.095507587861712651e+00
5.396129966105924769e-01
5.068500293877747920e-01
1.718463613831036296e+00
3.675654350135380000e-01
1.032624657731592066e+00
1.489482897184403631e+00
2.318215972686874515e+00
6.115435912241335981e-01
1.153630383371094803e+00
1.468172079495841498e+00
5.123859317550842618e-02
1.761026920221493874e+00
2.389534932802081624e+00
-3.355653581662141338e-01
7.401805665090939179e-01
1.403589220892305534e+00
2.444409208125381650e+00
3.741091797577003053e+00
1.089538914595153063e+00
1.731604769930676246e+00
2.019270322196272893e+00
1.329597661566820799e+00
2.061096506697037256e+00
1.369329510671742023e+00
1.371889093969853590e+00
1.219888152712795160e+00
1.138324810119078156e+00
9.772332793113234217e-01
1.013980529898978356e+00
1.589976037395957276e+00
1.800668896536506081e+00
1.546990207065448208e+00
6.197093566259810338e-01
1.928737233447771482e+00
4.221752041653814014e-01
1.652364339665585158e+00
1.303558521294818195e+00
6.439221439926474666e-01
-2.485856187719619470e-01
1.805298379182227020e+00
1.394726925526048378e+00
1.252419030368008945e+00
1.099938327179830866e+00
1.051701186178723546e+00
1.181679813332965789e+00
1.960496647342933052e+00
1.281141916844822148e+00
-1.774048490049626725e-01
1.355945985995884895e+00
2.424222535644706245e+00
1.454506650304971060e+00
6.278276490027834278e-01
2.356938962661156989e+00
5.822961965413359087e-01
1.480779312513464285e+00
2.098808041760710896e+00
2.015901696722799397e+00
7.263607874657019847e-01
1.122348988426752792e+00
1.689810412459430422e-01
8.220592557588070060e-01
6.002698335078506808e-01
5.409202304033240427e-01
9.089645257830912817e-01
5.816852931740752464e-01
1.589687389507923876e-01
-1.299488976680683028e-01
1.121506040934043824e+00
1.997342727338161428e+00
5.216571960443736611e-01
1.050491323344005412e+00
1.457131972024650279e+00
2.145516688381192250e+00
8.036610722562155251e-01
2.691538715506661683e-01
2.037692995717909350e-01
1.125281095518557040e+00
2.828919745569461686e+00
2.209713244909252250e+00
2.431021973863184193e+00
3.561614335322836666e+00
1.467954012759237203e+00
1.804631733228430734e+00
1.032220089270271091e+00
7.390743381459152772e-01
1.053257476948478821e+00
1.099535255719452653e+00
5.871568098300382621e-01
1.817132333976115011e-01
1.062727290831416038e+00
2.470620256187947117e+00
1.413775875266468918e-01
1.120419496651179792e+00
2.675088747000007317e-01
2.177216897620997571e+00
4.051508088329484059e-01
8.481026353164849985e-01
2.086666732994227669e+00
7.046137915288048781e-01
6.554451565582836148e-01
4.356685812103777145e-01
2.479919324807167980e-01
1.405517985659125335e+00
2.109826138823979402e+00
2.229919423675918999e-01
2.433901444603904896e+00
2.529410177830413997e-01
3.617685682023634164e-01
1.507489684264983754e-01
9.794985527137866077e-01
7.466314854354091368e-01
4.068681624336746294e-01
1.554250750814957449e+00
2.893305397118330347e-01
1.332948667266821818e+00
1.016350381505376266e+00
3.667582898831118765e+00
1.235210020199186243e+00
1.385432663557188526e+00
2.830225922182170728e-01
1.201900073876248864e+00
1.583549027406922605e+00
3.230004857349797032e+00
1.893470022182983215e+00
4.031760513787670419e+00
3.015368025541708685e-01
5.760125205532470316e-01
9.476231526897257451e-01
1.563200006978929579e+00
1.102407394432515675e+00
3.999637428576306442e-01
1.175866296082599627e+00
9.198017665187341319e-01
1.211655670637990095e-01
1.811906745970658372e+00
9.090078031028595573e-01
2.068628792583652398e+00
2.012710090396063745e+00
