-7.257369622721189240e-01
-7.577120145575102494e-01
-7.580384432672173656e-01
-7.688275360764464939e-01
-7.520562847618114111e-01
-7.691158380436288189e-01
-7.758486073396008154e-01
-7.430561040440725185e-01
-7.888122225172349289e-01
-7.516006173165815651e-01
-7.394576457432389116e-01
-7.497475590955242630e-01
-7.534725124135172036e-01
-7.432794097860786486e-01
-7.670510577060540847e-01
-7.514874929891099953e-01
-7.337567147412837887e-01
-7.864422301808268179e-01
-7.412774240521571301e-01
-7.718997923886887769e-01
-7.432475588696882962e-01
-7.387912561896299302e-01
-7.648046145299081111e-01
-7.402659564513549562e-01
-7.488399400148509910e-01
-7.675538121201866959e-01
-7.391630739757010238e-01
-7.370417151675460188e-01
-7.234908253689085189e-01
-7.472376192607494971e-01
-7.495539443910486099e-01
-7.663064104557227862e-01
-7.513286049518228538e-01
-7.565033836928027888e-01
-7.488550172961618845e-01
-7.359317802238271033e-01
-7.189311171260857058e-01
-7.360356445328846142e-01
-7.242956761423928747e-01
-7.221009956319390799e-01
-7.290792604851504821e-01
-7.453995842276346373e-01
-7.248794907744031679e-01
-7.355245523288472809e-01
-7.404798155362629641e-01
-7.328368289406563818e-01
-7.114358216832411541e-01
-7.315511690383664778e-01
-7.273592865896275628e-01
-7.214372673826029425e-01
-7.390821062850849721e-01
-7.753329025610949943e-01
-7.565058527646801867e-01
-7.632852783361264715e-01
-7.476450231354788700e-01
-7.450736022692626692e-01
-7.320322324547348103e-01
-7.620428908560558101e-01
-7.582366129692199586e-01
-7.527007091902987446e-01
-7.499793182206702102e-01
-7.435421568831755978e-01
-7.242952718978687976e-01
-7.227794368523400292e-01
-7.057759025223021565e-01
-7.417588118711144762e-01
-7.662211627254464918e-01
-7.868340492806787934e-01
-7.685430287448178355e-01
-8.192077126421826172e-01
-8.765943097884379975e-01
-8.748114477276295320e-01
-8.506040719123094673e-01
-8.557059860680527041e-01
-8.400170470548377066e-01
-8.124941235862269684e-01
-7.741039426876064056e-01
-7.310778065104088785e-01
-7.490860006077155742e-01
-7.205121274286342414e-01
-7.206637925332438632e-01
-7.650345812858709849e-01
-7.412616456407277177e-01
-7.498064399457110563e-01
-7.631049555863939071e-01
-7.788810094631966052e-01
-7.499036026063248261e-01
-7.373841377049880075e-01
-7.747134268358124576e-01
-7.165912718050719832e-01
-7.285963594120523634e-01
-7.213164764203343626e-01
-7.199360950636175538e-01
-7.418439991291903013e-01
-8.193674478039245646e-01
-8.398389826907938227e-01
-8.292680258227598245e-01
-8.117659846215403707e-01
-8.448391919930052785e-01
-9.086761376260689138e-01
-9.158620661442767874e-01
-9.446408894608373519e-01
-8.869443657432449779e-01
-8.885508964077084570e-01
-8.513023741342520267e-01
-7.873258690051511133e-01
-7.593244381912496177e-01
-7.258377435991304472e-01
-7.312836583373069077e-01
-7.597378324853922837e-01
-7.396527809673997256e-01
-7.326150411827145881e-01
-7.397574524344697755e-01
-7.422180839455189139e-01
-7.699246815430071944e-01
-7.213768210877468112e-01
-7.389217455468649609e-01
-6.944362857147314827e-01
-7.040205577929282699e-01
-7.365589756325862103e-01
-7.413527079101552841e-01
-7.884811756906876523e-01
-8.206173053845086107e-01
-8.515801725273837164e-01
-8.321311314327933806e-01
-7.958454214260118897e-01
-7.809513549717560510e-01
-7.212161417460164481e-01
-7.447988780120486929e-01
-6.948238808238392794e-01
-7.512512261954409354e-01
-8.290059224022499063e-01
-7.549002763214550660e-01
-7.546747986778752360e-01
-7.578959539525695899e-01
-7.608416340021556534e-01
-7.683414738186586934e-01
-7.365869953702545159e-01
-7.576970702607735975e-01
-7.576343724046282757e-01
-7.464026287657792302e-01
-7.731096008307749567e-01
-7.668538026285526277e-01
-7.612360959402421079e-01
-6.979104610439490486e-01
-6.850327523302316424e-01
-7.032374098015512498e-01
-7.013155564573546608e-01
-7.448250699667129382e-01
-7.602356465341161273e-01
-8.001310658133203857e-01
-7.456656693398483471e-01
-7.086746593975766784e-01
-6.531416585332902036e-01
-6.618055912833882282e-01
-6.424785422225245402e-01
-5.854940955993417351e-01
-5.733863726958123852e-01
-6.153360691657451254e-01
-6.595830482183993038e-01
-6.659761939163519884e-01
-6.568891192787389421e-01
-7.236638156919853460e-01
-7.439935291200597822e-01
-7.636089221510122815e-01
-7.602877380065240498e-01
-6.929151060066093271e-01
-7.749225975935830624e-01
-7.609170548559320846e-01
-7.313548538620572304e-01
-7.321587640678715037e-01
-7.361256516570370279e-01
-7.182761635307617354e-01
-6.926410692821536319e-01
-6.693983614975512753e-01
-6.958493876867968275e-01
-7.045019907171581330e-01
-7.174739868841849555e-01
-5.838284011834552478e-01
-5.278357823768077273e-01
-4.909762800332047039e-01
-5.159967533690604791e-01
-4.462468263124138579e-01
-3.632698189154004997e-01
-3.319228494597254442e-01
-4.091095420095933743e-01
-5.246107740649377238e-01
-5.642408800380244172e-01
-5.553960528735230051e-01
-6.034528785520224536e-01
-6.629242107170525422e-01
-7.190874168378019737e-01
-8.201226697594160564e-01
-7.898376844094224802e-01
-7.389237478800201320e-01
-7.204701580264859517e-01
-7.866712711896001187e-01
-7.194246479058153954e-01
-7.115246234153781435e-01
-7.089966495114903289e-01
-6.689238855787393856e-01
-6.725265259054664657e-01
-6.206085310794963172e-01
-6.204274713773993977e-01
-6.275010187322844768e-01
-5.337348490911355547e-01
-4.554930494935138796e-01
-4.056718861908493179e-01
-3.562630741937076739e-01
-3.553668756045923471e-01
-2.301803056530695446e-01
-1.030265825511530869e-01
-6.755716221220152418e-02
-2.020575218555590302e-01
-4.100919992835548866e-01
-4.759258119377543506e-01
-4.826026528068248500e-01
-5.403569541150256006e-01
-5.942989209658295913e-01
-7.397978232721039715e-01
-8.090203615743581933e-01
-8.139190676338672326e-01
-7.416192561000469752e-01
-7.541653445122993293e-01
-7.460123272200563926e-01
-6.957575832697373563e-01
-7.399310793041560252e-01
-6.825714796673413298e-01
-6.631425862936527471e-01
-6.413850548537685103e-01
-5.648801733496672250e-01
-5.781032282956410917e-01
-5.442556098536591724e-01
-4.822035996217426956e-01
-4.204808124312716111e-01
-2.947430282660857825e-01
-3.404716735919628423e-01
-2.966599432749989496e-01
-1.593794520757364774e-01
-4.081262876780972215e-02
-9.308147909526320873e-02
-1.508105961799088846e-01
-2.655688001483422767e-01
-4.120823481854474779e-01
-4.572195312651795573e-01
-5.254501149794810200e-01
-5.794762887298932075e-01
-7.017855534505730297e-01
-8.216827387130208882e-01
-7.917556880241507500e-01
-7.410163893385149914e-01
-7.250603053342272730e-01
-7.471228952918225197e-01
-7.198779591832853431e-01
-7.404282467571825510e-01
-7.103340206316646199e-01
-6.692187731190111233e-01
-6.731277930859446146e-01
-5.845672962649965942e-01
-5.635824213929282456e-01
-4.919516719766040547e-01
-4.033017224410679891e-01
-3.494234354464787473e-01
-3.051948170436425967e-01
-3.402028002366982440e-01
-3.723393112437684005e-01
-1.925707170820444569e-01
-1.235681250292396255e-01
-1.968114223895534032e-01
-2.707982804811790989e-01
-2.976588209788258999e-01
-3.970468851170029789e-01
-4.597482969770864125e-01
-4.815950377629210077e-01
-5.916999546892786066e-01
-6.995530027033571852e-01
-8.093248756673527833e-01
-8.125423445074971829e-01
-7.257569111395441031e-01
-7.330957709615190110e-01
-7.476144697673172690e-01
-7.505400645771215240e-01
-7.314100114634767280e-01
-7.156816035387124630e-01
-7.051974883145616380e-01
-6.621317751862516587e-01
-6.289694560931287093e-01
-5.677933218421125083e-01
-4.536889177684477747e-01
-3.461797697395558315e-01
-3.473975988627036049e-01
-4.036974848132872107e-01
-4.479782882592385773e-01
-4.358970403126102289e-01
-3.190946156577416093e-01
-2.078688328667557816e-01
-3.667997077720996368e-01
-3.203153311940156733e-01
-3.376840419415892969e-01
-4.093070946328091209e-01
-4.418953036971730586e-01
-5.079140288084056376e-01
-5.867786110349592077e-01
-6.994283090771106215e-01
-7.630234991047132320e-01
-7.527628585109491510e-01
-6.978126915522797624e-01
-7.474107290857273656e-01
-7.274517358391345834e-01
-7.387517815442136149e-01
-7.444562066902506992e-01
-7.242013904873125796e-01
-7.279102993749950734e-01
-7.095492861624773662e-01
-6.478444461804324650e-01
-5.419091320300665204e-01
-4.522980244516557335e-01
-3.507507423821393244e-01
-3.501623190454098422e-01
-3.491384615002199321e-01
-5.195690808171379294e-01
-5.351030976752979562e-01
-3.403288506879841302e-01
-3.056512652643517125e-01
-3.892059885741102065e-01
-3.670701840622903611e-01
-3.660656729548300570e-01
-3.972088720324759015e-01
-4.047596507522850939e-01
-5.111095929273227201e-01
-5.781588179257498572e-01
-6.798323281941660579e-01
-7.122026121562595735e-01
-7.184985320927635977e-01
-6.930378461419224312e-01
-7.573495625835482414e-01
-7.269312718597130685e-01
-7.330302729818773955e-01
-7.475115959661614573e-01
-7.436851840084592880e-01
-7.716477317802391545e-01
-7.108186886087729528e-01
-6.416527187418116229e-01
-5.446737702519461877e-01
-4.853947980296794418e-01
-3.732206938580826527e-01
-3.095858640385870664e-01
-3.985147985502343615e-01
-5.777947920296414575e-01
-4.601930904308718651e-01
-2.997315497643475157e-01
-3.219328056292958817e-01
-4.039032339333220034e-01
-3.676883646198841338e-01
-3.586189448546208691e-01
-3.785319774243210977e-01
-4.302945530060706680e-01
-5.350200245430557500e-01
-6.175065318129536740e-01
-6.530291764270504951e-01
-7.170557850937281374e-01
-7.091435291460964629e-01
-7.093733317962163110e-01
-7.275999087311791902e-01
-7.609304895707353911e-01
-7.662632454498081724e-01
-6.971135364100581322e-01
-6.781485822704454991e-01
-7.526606879334664102e-01
-7.343418202372725689e-01
-6.071995673601957577e-01
-5.848013919017887030e-01
-4.694258518823626325e-01
-4.006911765857794627e-01
-3.757795732774078523e-01
-4.241047668328444264e-01
-5.623155070551641987e-01
-3.704249330880242108e-01
-2.604405973588037049e-01
-3.435618830448913807e-01
-3.796437936346326869e-01
-3.560130404957431716e-01
-3.496971184913441055e-01
-3.467522199655270199e-01
-4.651769010092872136e-01
-5.483213527215222705e-01
-6.325605794724189490e-01
-6.720832616438462415e-01
-6.981553133225435470e-01
-6.962859883431850028e-01
-7.266695928685008576e-01
-7.823977815685567716e-01
-7.277815692283297055e-01
-7.366338662444870122e-01
-7.187875669253478428e-01
-6.993338624795035763e-01
-7.485045241394043813e-01
-7.204301896783263937e-01
-6.384026219159838478e-01
-6.122433459420246749e-01
-5.081871701686072607e-01
-4.362873674931554979e-01
-3.802525117013155209e-01
-4.834363865723151354e-01
-5.103795989011862266e-01
-3.515272409432951273e-01
-2.722553869964874917e-01
-3.130370826229422754e-01
-4.083213487043415579e-01
-3.632587023189123299e-01
-3.266016387081563388e-01
-3.593426954129357864e-01
-4.914117854101119898e-01
-5.749409461985732772e-01
-6.415774438894041865e-01
-6.808044787692248967e-01
-6.826973340462123563e-01
-7.445093627975195583e-01
-7.302637760277047585e-01
-7.371229087479843622e-01
-7.388294383932975107e-01
-7.521505386085028944e-01
-7.564235389490922001e-01
-7.365078685999865149e-01
-7.508256454720183548e-01
-7.298467782371639290e-01
-6.122900051428068480e-01
-6.082066782060038257e-01
-4.973702477057308502e-01
-4.177241204408237985e-01
-4.207320396424507059e-01
-5.189891948651949027e-01
-5.057453507014160188e-01
-4.310148247569257074e-01
-3.573536836792524096e-01
-3.714611670664567100e-01
-3.973164050188318641e-01
-3.543497069245781783e-01
-3.191781950080581631e-01
-3.196179339596370017e-01
-4.522012892736706480e-01
-5.754090288711696255e-01
-6.461009809971282047e-01
-6.868446316506039429e-01
-7.471849819400943060e-01
-7.336209416018715235e-01
-7.300428197807750097e-01
-7.275535145803978532e-01
-7.471704696566613402e-01
-7.251802032977056056e-01
-7.219007649922739578e-01
-7.206471621865938593e-01
-7.364796220690560391e-01
-7.838998387889772879e-01
-6.824786338644475148e-01
-6.302139035898931541e-01
-4.827421500083068917e-01
-4.245076611774378783e-01
-4.719589537507726251e-01
-5.925197157079422627e-01
-6.157260246248837943e-01
-5.050283094538864370e-01
-5.076901925614883959e-01
-5.081933559539343337e-01
-4.092631905960730232e-01
-3.745338361899420709e-01
-3.388086270514601428e-01
-4.089441189432588275e-01
-5.154762342831503696e-01
-5.918755168524308941e-01
-6.809264303019714193e-01
-7.219708980086242400e-01
-7.530335526915928890e-01
-7.598278540172015427e-01
-7.598178133694171166e-01
-8.012855304652216626e-01
-7.648040956704597049e-01
-7.364879381536745262e-01
-7.353203941633327245e-01
-7.654079782890170769e-01
-7.649174204816931999e-01
-7.935528837637397803e-01
-7.399316476590978020e-01
-6.358874956018896185e-01
-5.271358086489984496e-01
-4.735142448812429961e-01
-4.887670500197190404e-01
-6.317202897551845719e-01
-5.975622599181241723e-01
-5.140399717031696181e-01
-5.381809164425469527e-01
-5.182552236830435533e-01
-3.884790587134865358e-01
-3.425451289734205429e-01
-3.203017552094471476e-01
-4.295267077698334268e-01
-5.153227072286332699e-01
-5.856358801918303270e-01
-6.898645067612890758e-01
-7.477611627580686982e-01
-7.381433319253567493e-01
-7.665272269474890932e-01
-7.408781548696056207e-01
-7.526684433286925380e-01
-7.420510007911977901e-01
-7.614097136759924167e-01
-7.117477495362946049e-01
-7.474515283172800117e-01
-7.829799677944578873e-01
-8.332320140904915240e-01
-8.128235133616995567e-01
-7.246555688502948067e-01
-5.474002536869495561e-01
-5.100976792867105702e-01
-5.746886053063211541e-01
-6.286625017911514623e-01
-5.677098310736695685e-01
-5.238519975847462096e-01
-4.780313594526374166e-01
-3.462276364248878524e-01
-3.566478192707531747e-01
-3.550239405957111849e-01
-3.855502453543914188e-01
-4.350397340527390466e-01
-5.394549048988235285e-01
-6.131603318661102975e-01
-6.463801517296756671e-01
-7.094445272239310318e-01
-7.568163866775446946e-01
-7.775325940499563382e-01
-7.133883520653221399e-01
-7.339279189869404307e-01
-7.451646899593851181e-01
-7.564009767076020907e-01
-7.264012076673865836e-01
-7.636758833149165371e-01
-7.813477951260128229e-01
-8.065703063370336379e-01
-8.031027595846108591e-01
-7.438010766537713758e-01
-5.787755647558341376e-01
-4.888265349677692884e-01
-4.923009297362972436e-01
-5.408246863940191496e-01
-4.366642098127680449e-01
-3.446321488432173563e-01
-2.855348296066299030e-01
-2.395581192552956040e-01
-3.283750857163887371e-01
-3.646592598374671645e-01
-3.439581582599625653e-01
-4.628786860915422574e-01
-5.518389309706644985e-01
-6.152541352248001028e-01
-6.388873842632907252e-01
-7.188104933527528217e-01
-7.230353885430437222e-01
-7.671709088270719512e-01
-7.533150987114048958e-01
-7.407873443551824533e-01
-7.677742329538894683e-01
-7.699342043766229660e-01
-7.239878013571996451e-01
-7.466454500405368400e-01
-7.550071017778565707e-01
-7.803702116853223902e-01
-7.636684601360886893e-01
-6.988146541067463691e-01
-6.253417361345758874e-01
-5.105055682428926156e-01
-4.308552808933371336e-01
-3.438952579414786270e-01
-2.954092179994436407e-01
-1.751890539728243046e-01
-1.600005302099128668e-01
-1.624614508712238226e-01
-3.287453682958601520e-01
-3.210872420968973739e-01
-4.022714289194467274e-01
-4.951971765915104684e-01
-5.432356754465292870e-01
-6.168629994625686175e-01
-6.291491846329029247e-01
-6.432886945975616610e-01
-7.107922040678466002e-01
-7.195273177398330278e-01
-7.167613235958274487e-01
-7.562149560178771379e-01
-7.819040357945824526e-01
-7.731321450050703259e-01
-7.112098465434294470e-01
-7.405318119510670982e-01
-7.475756228671751602e-01
-7.233498631269521528e-01
-7.000650064118137950e-01
-6.062950669733330189e-01
-5.615039756056745546e-01
-3.914636812520851938e-01
-3.493232002466490349e-01
-2.736487394984747912e-01
-1.488775457608705888e-01
-1.110592305005639185e-01
-1.096727131402551181e-01
-2.120325602829882805e-01
-2.970584688657952332e-01
-3.588228964518332953e-01
-4.543695001594252325e-01
-5.353751607376334709e-01
-5.525264620590469855e-01
-5.606582828557061804e-01
-5.847526742092089558e-01
-6.223096276158163187e-01
-7.093841360745762881e-01
-7.200736512758546537e-01
-7.448735110507866963e-01
-7.473765010638371287e-01
-7.619985705251787200e-01
-7.349291387578691381e-01
-7.139356543741866012e-01
-7.049614446750622765e-01
-7.459812153335505513e-01
-6.809994368232836770e-01
-6.449482438791016570e-01
-6.310970469828407481e-01
-5.708717323262832988e-01
-4.786376003833960890e-01
-4.223050425653971929e-01
-3.451296912479855927e-01
-2.774548886648584012e-01
-1.919943370565621865e-01
-1.913088303303548399e-01
-2.860776372829861858e-01
-3.857582299222514499e-01
-4.337549206128831769e-01
-5.221310389867701574e-01
-5.885398091405208421e-01
-6.108084896312326872e-01
-6.448513661621138038e-01
-6.364777964231158602e-01
-6.467723388860558975e-01
-6.763811893179425550e-01
-6.984046791633383711e-01
-7.436233778429001129e-01
-7.564429821234462947e-01
-7.447500728817207927e-01
-7.448031533847557784e-01
-7.312003498674695123e-01
-7.216638410641668111e-01
-7.549790413060466499e-01
-6.959456180551015780e-01
-6.746169478949519682e-01
-7.344354173697251742e-01
-6.644057597176169505e-01
-5.767814031906212113e-01
-4.849673790267444162e-01
-4.391628009576054592e-01
-4.289721907886702712e-01
-3.660304991876560665e-01
-4.501171098606848719e-01
-4.750506489867660775e-01
-5.349285429871895037e-01
-5.581656805050961845e-01
-6.670566114490883436e-01
-7.035497992051189531e-01
-6.751176594215251292e-01
-7.043473869055653092e-01
-7.276552508745419701e-01
-6.796548152910029117e-01
-6.932211671881277626e-01
-7.245464292455381372e-01
-7.740167781311824147e-01
-7.644366006434398786e-01
-7.337226817500919207e-01
-7.468294216916860906e-01
-7.557969155748638368e-01
-7.289154827630699440e-01
-7.368801925794956631e-01
-7.592719225736377364e-01
-7.624557309837468599e-01
-7.551727768804304963e-01
-7.364714583097202727e-01
-7.534670103786520468e-01
-7.334632089208278360e-01
-6.732322375118739988e-01
-6.102909967926739565e-01
-6.093234987383102652e-01
-6.588987001894154316e-01
-6.910023129670433972e-01
-7.015742486637382980e-01
-6.952763499418872506e-01
-6.968187969009609350e-01
-7.411237916858320895e-01
-7.524963074299551025e-01
-7.216002232116585091e-01
-6.984743393902054232e-01
-7.341027154903042584e-01
-7.324341745955275096e-01
-7.316833528319830471e-01
-7.288137813353315897e-01
-7.322166527794984336e-01
-7.681230967458224645e-01
-7.557101805198842559e-01
-7.599634242526501771e-01
-7.181896203928785916e-01
-7.209262154933191447e-01
-7.030185358978585652e-01
-7.496750551317685751e-01
-7.652597066843869200e-01
-7.933076869191230118e-01
-7.755160413949671039e-01
-7.294220683015008033e-01
-7.704762774252827962e-01
-7.391430706146743246e-01
-7.233493237573603851e-01
-7.344262448594058856e-01
-8.071286066663232450e-01
-8.080103541073447859e-01
-7.910586009647050387e-01
-7.981725037958130597e-01
-7.788051802199845719e-01
-8.052697711987834017e-01
-7.445689386857354819e-01
-7.223900402704096502e-01
-7.233531181591964510e-01
-7.375642526891461603e-01
-7.507480679361835385e-01
-7.277542982350360123e-01
-7.550751338409643632e-01
-7.462245957123988527e-01
-7.256982339866487886e-01
-7.462175774608282852e-01
-7.397404255966091302e-01
-7.270552747927739867e-01
-7.446194244776576099e-01
-7.479931486680091446e-01
-7.587242923460915112e-01
-7.866662421241891190e-01
-8.028811534576667519e-01
-8.208188147856371186e-01
-8.419242466579484052e-01
-8.306026161467390256e-01
-8.176311665752902247e-01
-8.269465480442066418e-01
-8.559441142929224977e-01
-8.545486500217224224e-01
-8.602126630867734658e-01
-8.283341893254311250e-01
-7.846207743768830456e-01
-7.308371157858889466e-01
-7.422057791208447330e-01
-6.916383794326683709e-01
-7.458051257808931966e-01
-7.557255384140898480e-01
-7.273156214403135866e-01
-7.666988043587070756e-01
-7.133271678948587269e-01
-7.355594023176658114e-01
-7.349983102095454246e-01
-7.500087133050347132e-01
-7.528509420460559598e-01
-7.597035998023796699e-01
-7.335808767245554085e-01
-7.335794385087566205e-01
-7.194339789541878138e-01
-7.096974618705023108e-01
-7.218439100155679133e-01
-7.378118117005599830e-01
-7.584309148865223671e-01
-7.814557638068044820e-01
-7.483847033317426733e-01
-8.202190917977240092e-01
-8.032700586558224609e-01
-7.950725628070755002e-01
-7.761941015602674687e-01
-7.549822693768454274e-01
-7.222572423676884013e-01
-7.081190896804104851e-01
-7.491605739281567145e-01
-7.130792439748003808e-01
-7.759507039738221534e-01
-7.341170299768065011e-01
-7.468396166951591919e-01
-7.826555110681466809e-01
-7.749238858680104203e-01
